0.0,0.0
0.1,0.09983341664682815
0.2,0.19866933079506122
0.30000000000000004,0.2955202066613396
0.4,0.3894183423086505
0.5,0.479425538604203
0.6,0.5646424733950354
0.7,0.644217687237691
0.7999999999999999,0.7173560908995227
0.8999999999999999,0.7833269096274833
0.9999999999999999,0.8414709848078964
1.0999999999999999,0.8912073600614353
1.2,0.9320390859672263
1.3,0.963558185417193
1.4000000000000001,0.9854497299884603
1.5000000000000002,0.9974949866040544
1.6000000000000003,0.9995736030415051
1.7000000000000004,0.9916648104524686
1.8000000000000005,0.973847630878195
1.9000000000000006,0.9463000876874142
2.0000000000000004,0.9092974268256815
2.1000000000000005,0.8632093666488735
2.2000000000000006,0.8084964038195899
2.3000000000000007,0.7457052121767197
2.400000000000001,0.6754631805511503
2.500000000000001,0.5984721441039558
2.600000000000001,0.5155013718214634
2.700000000000001,0.42737988023382895
2.800000000000001,0.33498815015590383
2.9000000000000012,0.23924932921398112
3.0000000000000013,0.1411200080598659
3.1000000000000014,0.04158066243328916
3.2000000000000015,-0.05837414342758142
3.3000000000000016,-0.15774569414324996
3.4000000000000017,-0.25554110202683294
3.5000000000000018,-0.3507832276896215
3.600000000000002,-0.44252044329485407
3.700000000000002,-0.5298361409084948
3.800000000000002,-0.6118578909427207
3.900000000000002,-0.6877661591839753
4.000000000000002,-0.7568024953079294
4.100000000000001,-0.8182771110644114
4.200000000000001,-0.8715757724135886
4.300000000000001,-0.9161659367494552
4.4,-0.951602073889516
4.5,-0.977530117665097
4.6,-0.9936910036334644
4.699999999999999,-0.9999232575641008
4.799999999999999,-0.9961646088358408
4.899999999999999,-0.9824526126243328
4.999999999999998,-0.958924274663139
5.099999999999998,-0.9258146823277331
5.1999999999999975,-0.8834546557201545
5.299999999999997,-0.8322674422239027
5.399999999999997,-0.7727644875559894
5.4999999999999964,-0.7055403255703945
5.599999999999996,-0.6312666378723243
5.699999999999996,-0.5506855425976414
5.799999999999995,-0.4646021794137613
5.899999999999995,-0.37387666483024096
5.999999999999995,-0.27941549819893097
6.099999999999994,-0.18216250427210112
6.199999999999994,-0.0830894028175026
6.299999999999994,0.016813900484343496
6.399999999999993,0.11654920485048659
6.499999999999993,0.21511998808780858
6.5999999999999925,0.3115413635133711
6.699999999999992,0.40484992061659103
6.799999999999992,0.4941133511386012
6.8999999999999915,0.5784397643881929
6.999999999999991,0.6569865987187824
7.099999999999991,0.7289690401258698
7.19999999999999,0.7936678638491472
7.29999999999999,0.8504366206285593
7.39999999999999,0.8987080958116223
7.499999999999989,0.9379999767747351
7.599999999999989,0.9679196720314837
7.699999999999989,0.9881682338769986
7.799999999999988,0.9985433453746043
7.899999999999988,0.9989413418397726
7.999999999999988,0.9893582466233836
8.099999999999987,0.9698898108450894
8.199999999999987,0.9407305566797773
8.299999999999986,0.9021718337562995
8.399999999999986,0.8545989080882879
8.499999999999986,0.7984871126234988
8.599999999999985,0.734397097874123
8.699999999999985,0.662969230082194
8.799999999999985,0.5849171928917747
8.899999999999984,0.5010208564578985
8.999999999999984,0.41211848524177114
9.099999999999984,0.3190983623493673
9.199999999999983,0.22288991410026324
9.299999999999983,0.12445442350707933
9.399999999999983,0.024775425453375525
9.499999999999982,-0.07515112046179159
9.599999999999982,-0.17432678122296213
9.699999999999982,-0.27176062641092535
9.799999999999981,-0.36647912925191023
9.89999999999998,-0.45753589377530396
9.99999999999998,-0.5440211108893535
10.09999999999998,-0.6250706488928668
10.19999999999998,-0.6998746875935284
10.29999999999998,-0.7676858097635688
10.399999999999979,-0.8278264690856417
10.499999999999979,-0.8796957599716599
10.599999999999978,-0.9227754216127985
10.699999999999978,-0.9566350162701817
10.799999999999978,-0.980936230066487
10.899999999999977,-0.9954362533063752
10.999999999999977,-0.9999902065507036
11.099999999999977,-0.9945525882039916
11.199999999999976,-0.9791777291513221
11.299999999999976,-0.9540192499020964
11.399999999999975,-0.9193285256646855
11.499999999999975,-0.8754521746884405
11.599999999999975,-0.822828594968723
11.699999999999974,-0.7619835839190494
11.799999999999974,-0.6935250847771416
11.899999999999974,-0.6181371122370543
11.999999999999973,-0.5365729180004575
12.099999999999973,-0.4496474645346253
12.199999999999973,-0.3582292822368536
12.299999999999972,-0.26323179136582836
12.399999999999972,-0.16560417544833742
12.499999999999972,-0.06632189735122905
12.599999999999971,0.03362304722110829
12.69999999999997,0.13323204141991404
12.79999999999997,0.23150982510150958
12.89999999999997,0.3274744391376645
12.99999999999997,0.4201670368266135
13.09999999999997,0.5086614643723477
13.199999999999969,0.5920735147071987
13.299999999999969,0.6695697621965786
13.399999999999968,0.7403758899524271
13.499999999999968,0.8037844265516019
13.599999999999968,0.8591618148564795
13.699999999999967,0.9059547423084483
13.799999999999967,0.9436956694440937
13.899999999999967,0.972007501394968
13.999999999999966,0.9906073556948657
14.099999999999966,0.9993093887479164
14.199999999999966,0.9980266527163638
14.299999999999965,0.9867719642746191
14.399999999999965,0.9656577765492868
14.499999999999964,0.9348950555246957
14.599999999999964,0.8947911721405201
14.699999999999964,0.8457468311429532
14.799999999999963,0.7882520673753391
14.899999999999963,0.7228813495120018
14.999999999999963,0.6502878401571452
15.099999999999962,0.5711968696600193
15.199999999999962,0.4863986888538323
15.299999999999962,0.3967405731306479
15.399999999999961,0.3031183567457395
15.499999999999961,0.20646748193783482
15.59999999999996,0.10775365229948292
15.69999999999996,0.007963183785976422
15.79999999999996,-0.09190685022764096
15.89999999999996,-0.19085858137414927
15.99999999999996,-0.28790331666502617
16.09999999999996,-0.3820714171839697
16.19999999999996,-0.4724219863984317
16.29999999999996,-0.558052271286747
16.399999999999963,-0.6381066823479201
16.499999999999964,-0.7117853423690981
16.599999999999966,-0.7783520785342762
16.699999999999967,-0.8371417780197293
16.79999999999997,-0.8875670335814898
16.89999999999997,-0.9291240127343579
16.99999999999997,-0.961397491879549
17.099999999999973,-0.9840650050816383
17.199999999999974,-0.9969000660415941
17.299999999999976,-0.9997744310730117
17.399999999999977,-0.9926593804706357
17.49999999999998,-0.9756260054681622
17.59999999999998,-0.9488444979181307
17.69999999999998,-0.9125824497911917
17.799999999999983,-0.8672021794855902
17.899999999999984,-0.8131571116614967
17.999999999999986,-0.7509872467716855
18.099999999999987,-0.6813137655555104
18.19999999999999,-0.6048328224062927
18.29999999999999,-0.5223085896267406
18.39999999999999,-0.43456562207190313
18.499999999999993,-0.34248061846961925
18.599999999999994,-0.24697366173662777
18.699999999999996,-0.14899902581420232
18.799999999999997,-0.049535640878370965
18.9,0.05042268780681122
19.0,0.14987720966295234
19.1,0.24783420798295983
19.200000000000003,0.3433149288198987
19.300000000000004,0.4353653603728964
19.400000000000006,0.5230657651577025
19.500000000000007,0.6055398697196067
19.60000000000001,0.6819636200681407
19.70000000000001,0.7515734153521554
19.80000000000001,0.8136737375071116
19.900000000000013,0.8676441006416744
20.000000000000014,0.9129452507276334
20.100000000000016,0.949124553647899
20.200000000000017,0.9758205177669794
20.30000000000002,0.9927664058359092
20.40000000000002,0.9997929001426696
20.50000000000002,0.9968297942787976
20.600000000000023,0.9839066946186122
20.700000000000024,0.9611527245021096
20.800000000000026,0.9287952340772312
20.900000000000027,0.887157528692338
21.00000000000003,0.8366556385360404
21.10000000000003,0.777794161801075
21.20000000000003,0.71116122290596
21.300000000000033,0.6374225961502142
21.400000000000034,0.5573150535176319
21.500000000000036,0.47163900309416484
21.600000000000037,0.3812504916549073
21.70000000000004,0.28705265132769103
21.80000000000004,0.18998667579539935
21.90000000000004,0.09102241619980542
22.000000000000043,-0.008851309290446507
22.100000000000044,-0.10863659542412214
22.200000000000045,-0.20733642060680393
22.300000000000047,-0.30396460881109105
22.40000000000005,-0.39755568312147854
22.50000000000005,-0.487174512460553
22.60000000000005,-0.5719256551096047
22.700000000000053,-0.6509623056662873
22.800000000000054,-0.7234947560442818
22.900000000000055,-0.7887982859754514
23.000000000000057,-0.846220404175201
23.10000000000006,-0.8951873678197072
23.20000000000006,-0.9352099151945603
23.30000000000006,-0.9658881542360861
23.400000000000063,-0.986915558120659
23.500000000000064,-0.9980820279794003
23.600000000000065,-0.9992759921366252
23.700000000000067,-0.9904855208971471
23.800000000000068,-0.9717984457438473
23.90000000000007,-0.9434014817545319
24.00000000000007,-0.9055783620065937
24.100000000000072,-0.8587070026098931
24.200000000000074,-0.8032557266939103
24.300000000000075,-0.7397785850778432
24.400000000000077,-0.6689098203779662
24.500000000000078,-0.5913575298650613
24.60000000000008,-0.5078965903905548
24.70000000000008,-0.4193609160731571
24.800000000000082,-0.326635126104645
24.900000000000084,-0.2306457059273127
25.000000000000085,-0.13235175009768851
25.100000000000087,-0.0327353793307601
25.200000000000088,0.06720807252556354
25.30000000000009,0.16648000353724682
25.40000000000009,0.2640885213845585
25.500000000000092,0.3590583540222545
25.600000000000094,0.4504405942754718
25.700000000000095,0.5373221810065527
25.800000000000097,0.6188350221201147
25.900000000000098,0.6941646682523136
26.0000000000001,0.7625584504796671
26.1000000000001,0.823333000738138
26.200000000000102,0.875881079810939
26.300000000000104,0.9196776446620603
26.400000000000105,0.9542850944927288
26.500000000000107,0.9793576431039387
26.600000000000108,0.9946447738778491
26.70000000000011,0.999993742857021
26.80000000000011,0.9953511049115485
26.900000000000112,0.9807632477451307
27.000000000000114,0.9563759284044698
27.100000000000115,0.9224328169230419
27.200000000000117,0.8792730616506684
27.300000000000118,0.8273279005953128
27.40000000000012,0.7671163526354526
27.50000000000012,0.6992400316550115
27.600000000000122,0.624377135416297
27.700000000000124,0.5432756692321434
27.800000000000125,0.45674597214408225
27.900000000000126,0.3656526202825023
28.000000000000128,0.2709057883077459
28.10000000000013,0.17345215524576615
28.20000000000013,0.07426544558423022
28.300000000000132,-0.025663299860690898
28.400000000000134,-0.12533562609656307
28.500000000000135,-0.223755640186928
28.600000000000136,-0.31993996188432605
28.700000000000138,-0.4129275492406663
28.80000000000014,-0.501789301020694
28.90000000000014,-0.5856373399744128
29.000000000000142,-0.6636338842130738
29.100000000000144,-0.734999618048874
29.200000000000145,-0.7990214786597013
29.300000000000146,-0.8550597807771457
29.400000000000148,-0.9025546082102497
29.50000000000015,-0.941031408343004
29.60000000000015,-0.9701057337072216
29.700000000000152,-0.9894870832545573
29.800000000000153,-0.9989818049469563
29.900000000000155,-0.9984950306638061
30.000000000000156,-0.9880316240928376
30.100000000000158,-0.9676961321337658
30.20000000000016,-0.9376917403002256
30.30000000000016,-0.8983182425572844
30.400000000000162,-0.8499690458792419
30.500000000000163,-0.7931272394571856
30.600000000000165,-0.7283607678314814
30.700000000000166,-0.6563167561776644
30.800000000000168,-0.5777150444455955
30.90000000000017,-0.49334099495663
31.00000000000017,-0.40403764532290903
31.100000000000172,-0.3106972850942102
31.200000000000173,-0.21425254029571764
31.300000000000175,-0.11566705493706401
31.400000000000176,-0.015925862599924186
31.500000000000178,0.08397445569192384
31.60000000000018,0.18303572898076265
31.70000000000018,0.28026816976919344
31.800000000000182,0.37470026364963
31.900000000000183,0.465388476355119
32.000000000000185,0.5514266812418447
32.100000000000186,0.6319552130070282
32.20000000000019,0.7061694571804652
32.30000000000019,0.7733278895663422
32.40000000000019,0.8327594853078859
32.50000000000019,0.8838704235459204
32.60000000000019,0.9261500206806009
32.700000000000195,0.9591758329531347
32.800000000000196,0.9826178773641765
32.9000000000002,0.9962419287548808
33.0000000000002,0.9999118601072645
33.1000000000002,0.9935910026803725
33.2000000000002,0.9773425123922165
33.3000000000002,0.9513287387867192
33.400000000000205,0.9158096028907363
33.500000000000206,0.8711400001690751
33.60000000000021,0.8177662545263231
33.70000000000021,0.7562216587859281
33.80000000000021,0.6871211462045894
33.90000000000021,0.6111551462624274
34.00000000000021,0.5290826861198429
34.100000000000215,0.44172380666903255
34.200000000000216,0.34995136895646245
34.30000000000022,0.2546823328438221
34.40000000000022,0.15686859504819245
34.50000000000022,0.05748747810470466
34.60000000000022,-0.04246803471717159
34.70000000000022,-0.14199922097421971
34.800000000000225,-0.24011159795399523
34.900000000000226,-0.33582485921735605
35.00000000000023,-0.42818266949635647
35.10000000000023,-0.5162622200801217
35.20000000000023,-0.5991834492144473
35.30000000000023,-0.676117835387937
35.40000000000023,-0.7462966756450724
35.500000000000234,-0.8090187662120443
35.600000000000236,-0.8636574086930742
35.70000000000024,-0.9096666718336256
35.80000000000024,-0.9465868462850383
35.90000000000024,-0.974049037868381
36.00000000000024,-0.9917788534431466
36.10000000000024,-0.9995991425528098
36.200000000000244,-0.9974317674536307
36.300000000000246,-0.9852983838411613
36.40000000000025,-0.9633202244736941
36.50000000000025,-0.9317168878546153
36.60000000000025,-0.8908041440767483
36.70000000000025,-0.840990779751967
36.80000000000025,-0.7827745135504952
36.900000000000254,-0.7167370231604792
37.000000000000256,-0.6435381333568037
37.10000000000026,-0.5639092232500512
37.20000000000026,-0.4786459185881904
37.30000000000026,-0.38860014212710114
37.40000000000026,-0.2946716015000064
37.50000000000026,-0.19779879963620456
37.600000000000264,-0.09894965755002794
37.700000000000266,8.881568059804928E-4
37.80000000000027,0.10071709699276916
37.90000000000027,0.19953970523905196
38.00000000000027,0.29636857870964317
38.10000000000027,0.39023623530819473
38.20000000000027,0.48020478043849585
38.300000000000274,0.5653752781372515
38.400000000000276,0.6448967329450791
38.50000000000028,0.7179745927718371
38.60000000000028,0.783878687798465
38.70000000000028,0.8419505260924545
38.80000000000028,0.8916098730415694
38.90000000000028,0.9323605488662917
39.000000000000284,0.9637953862841635
39.100000000000286,0.9856002987906811
39.20000000000029,0.997557418907825
39.30000000000029,0.9995472750438832
39.40000000000029,0.9915499852141032
39.50000000000029,0.9736454556949117
39.60000000000029,0.9460125826268136
39.700000000000294,0.9089274645432923
39.800000000000296,0.862760643685528
39.9000000000003,0.8079734036668094
40.0000000000003,0.7451131604791498
40.1000000000003,0.6748079928936466
40.2000000000003,0.5977603669050155
40.3000000000003,0.5147401169235761
40.400000000000304,0.42657675384429683
40.500000000000306,0.33415117684813256
40.60000000000031,0.23838687174859532
40.70000000000031,0.1402406838267691
40.80000000000031,0.040693257349552474
40.90000000000031,-0.059260762703698414
41.00000000000031,-0.15862266880501766
41.100000000000314,-0.2563996696333202
41.200000000000315,-0.35161480971710896
41.30000000000032,-0.4433167308506074
41.40000000000032,-0.5305891777504746
41.50000000000032,-0.6125601529757225
41.60000000000032,-0.6884106296379023
41.70000000000032,-0.7573827348470396
41.800000000000324,-0.8187873221270313
41.900000000000325,-0.8720108571394337
42.00000000000033,-0.9165215479157646
42.10000000000033,-0.9518746583470648
42.20000000000033,-0.9777169518400896
42.30000000000033,-0.9937902207405829
42.40000000000033,-0.9999338662588075
42.500000000000334,-0.9960865031195645
42.600000000000335,-0.9822865729035719
42.70000000000034,-0.9586719599518976
42.80000000000034,-0.9254786136712014
42.90000000000034,-0.8830381910052587
43.00000000000034,-0.831774742628409
43.10000000000034,-0.7722004759713906
43.200000000000344,-0.7049106374140062
43.300000000000345,-0.6305775647800578
43.40000000000035,-0.549943969560057
43.50000000000035,-0.46381551598351894
43.60000000000035,-0.3730527710882991
43.70000000000035,-0.2785626062192159
43.80000000000035,-0.18128913586934542
43.900000000000354,-0.08220428440008934
44.000000000000355,0.017701925105768793
44.10000000000036,0.11743126282744855
44.20000000000036,0.21598726618857098
44.30000000000036,0.312385196181835
44.40000000000036,0.4056618765556671
44.50000000000036,0.49488531755294296
44.600000000000364,0.5791640280445662
44.700000000000365,0.6576559230141424
44.80000000000037,0.7295767373931061
44.90000000000037,0.7942078621780435
45.00000000000037,0.8509035245343125
45.10000000000037,0.8990972401447438
45.20000000000037,0.9383074733336821
45.300000000000374,0.9681424484122837
45.400000000000375,0.9883040641716944
45.50000000000038,0.9985908724117905
45.60000000000038,0.9989000907450034
45.70000000000038,0.989228629563962
45.80000000000038,0.969673122911827
45.90000000000038,0.9404289629468755
46.000000000000384,0.9017883476486434
46.100000000000385,0.8541373612723012
46.20000000000039,0.7979521167223996
46.30000000000039,0.7337939983901085
46.40000000000039,0.6623040529859501
46.50000000000039,0.5841965844129685
46.60000000000039,0.5002520166782486
46.700000000000394,0.4113090961542109
46.800000000000395,0.318256511102111
46.9000000000004,0.22202401219269438
47.0000000000004,0.12357312274482915
47.1000000000004,0.023887531502341068
47.2000000000004,-0.07603673605875032
47.3000000000004,-0.1752012696875459
47.400000000000404,-0.2726152501434634
47.500000000000405,-0.367305349134568
47.600000000000406,-0.4583254544921258
47.70000000000041,-0.5447661234106508
47.80000000000041,-0.6257636692997951
47.90000000000041,-0.7005087914552633
48.00000000000041,-0.7682546613239306
48.10000000000041,-0.8283243845678764
48.200000000000415,-0.8801177643688576
48.300000000000416,-0.923117298396518
48.40000000000042,-0.9568933495206096
48.50000000000042,-0.9811084386031781
48.60000000000042,-0.995520616478555
48.70000000000042,-0.9999858814294422
48.80000000000042,-0.9944596180044706
48.900000000000425,-0.9789970428010428
49.000000000000426,-0.9537526527593436
49.10000000000043,-0.918978681479984
49.20000000000043,-0.8750225789892403
49.30000000000043,-0.8223235401332446
49.40000000000043,-0.7614081162882599
49.50000000000043,-0.6928849542333831
49.600000000000435,-0.6174387147531208
49.700000000000436,-0.5358232317331488
49.80000000000044,-0.4488539801013109
49.90000000000044,-0.3573999278716999
50.00000000000044,-0.26237485370350366
50.10000000000044,-0.16472821672669768
50.20000000000044,-0.06543566986026736
50.300000000000445,0.03451068858925011
50.400000000000446,0.13411222764610073
50.50000000000045,0.2323737616559199
50.60000000000045,0.32831349385182623
50.70000000000045,0.42097282614317716
50.80000000000045,0.5094259371108206
50.90000000000045,0.5927890325086789
51.000000000000455,0.6702291758437122
51.100000000000456,0.740972610802025
51.20000000000046,0.8043124923661843
51.30000000000046,0.859615949376982
51.40000000000046,0.9063304079728589
51.50000000000046,0.9439891127252716
51.60000000000046,0.9722157903046471
51.700000000000465,0.9907284090791111
51.800000000000466,0.9993419970813273
51.90000000000047,0.9979704901872514
52.00000000000047,0.9866275920404088
52.10000000000047,0.9654266371296195
52.20000000000047,0.9345794583882479
52.30000000000047,0.8943942706295563
52.400000000000475,0.8452725909661725
52.500000000000476,0.7877052269838246
52.60000000000048,0.7222673727541837
52.70000000000048,0.6496128616858338
52.80000000000048,0.5704676336369813
52.90000000000048,0.48562248156435645
53.00000000000048,0.3959251501813905
53.100000000000485,0.3022718655732663
53.200000000000486,0.20559838040212833
53.30000000000049,0.10687062417580104
53.40000000000049,0.007075051999440675
53.50000000000049,-0.09279121175779685
53.60000000000049,-0.19173033639984702
53.70000000000049,-0.2887537548982128
53.800000000000495,-0.38289204132693666
53.900000000000496,-0.47320459704600304
54.0000000000005,-0.5587890488520287
54.1000000000005,-0.6387902651930264
54.2000000000005,-0.7124089003602031
54.3000000000005,-0.7789093812860536
54.4000000000005,-0.8376272571473031
54.500000000000504,-0.8879758383378954
54.600000000000506,-0.929452058477602
54.70000000000051,-0.9616415008850029
54.80000000000051,-0.984222539291978
54.90000000000051,-0.9969695514270638
55.00000000000051,-0.9997551733586085
55.10000000000051,-0.9925515720730763
55.200000000000514,-0.9754307235733183
55.300000000000516,-0.948563693718144
55.40000000000052,-0.9122189289888067
55.50000000000052,-0.8667595742605005
55.60000000000052,-0.8126398443788057
55.70000000000052,-0.7504004857950958
55.80000000000052,-0.6806633736067427
55.900000000000524,-0.6041252979867081
56.000000000000526,-0.5215510020864632
56.10000000000053,-0.43376554097521025
56.20000000000053,-0.3416460379623573
56.30000000000053,-0.2461129206713498
56.40000000000053,-0.14812072443110932
56.50000000000053,-0.04864855487455499
56.600000000000534,0.0513096949612317
56.700000000000536,0.1507552752856959
56.80000000000054,0.24869455873257396
56.90000000000054,0.34414896835608744
57.00000000000054,0.4361647552483109
57.10000000000054,0.5238225280829925
57.20000000000054,0.6062464393697752
57.300000000000544,0.6826129366328041
57.400000000000546,0.752158991074835
57.50000000000055,0.8141897215087521
57.60000000000055,0.8680853373806932
57.70000000000055,0.9133073315123875
57.80000000000055,0.9494038606868752
57.90000000000055,0.9760142603165708
58.000000000000554,0.9928726480846032
58.100000000000556,0.9998105805530361
58.20000000000056,0.9967587361940206
58.30000000000056,0.9837476080275863
58.40000000000056,0.9609071989454651
58.50000000000056,0.9284657227651701
58.60000000000056,0.8867473239929686
58.700000000000564,0.8361688390791232
58.800000000000566,0.7772356315258688
58.90000000000057,0.7105365424623492
59.00000000000057,0.6367380071386995
59.10000000000057,0.5565773961253213
59.20000000000057,0.4708556477498852
59.30000000000057,0.38042926538631583
59.400000000000574,0.28620175955620214
59.500000000000576,0.18911462035032636
59.60000000000058,0.09013791037089226
59.70000000000058,-0.009739427813336072
59.80000000000058,-0.10951945285428034
59.90000000000058,-0.20820519572462254
60.00000000000058,-0.30481062110277163
60.100000000000584,-0.3983704795118571
60.200000000000585,-0.48794995177343276
60.30000000000059,-0.5726539894116975
60.40000000000059,-0.6516362576820022
60.50000000000059,-0.7241075918678563
60.60000000000059,-0.7893438823539132
60.70000000000059,-0.8466933096898865
60.800000000000594,-0.8955828573550356
60.900000000000595,-0.935524037149826
61.0000000000006,-0.966117770008547
61.1000000000006,-0.9870583734654177
61.2000000000006,-0.9981366159327402
61.3000000000006,-0.999241807273761
61.4000000000006,-0.9903629047819286
61.500000000000604,-0.9715886235159662
61.600000000000605,-0.9431065498883311
61.70000000000061,-0.9052012673637889
61.80000000000061,-0.8582515129955042
61.90000000000061,-0.8027263932095995
62.00000000000061,-0.7391806966488114
62.10000000000061,-0.6682493509077604
62.200000000000614,-0.5906410785463059
62.300000000000615,-0.5071313157679993
62.40000000000062,-0.418554464517864
62.50000000000062,-0.3257955554139773
62.60000000000062,-0.2297814048140864
62.70000000000062,-0.131471354372927
62.80000000000062,-0.03184768561752508
62.900000000000624,0.06809419468512197
63.000000000000625,0.1673557003034234
63.10000000000063,0.26494504308473243
63.20000000000063,0.3598871425747261
63.30000000000063,0.45123336869898584
63.40000000000063,0.5380710201611258
63.50000000000063,0.6195324438524475
63.600000000000634,0.6948037041549939
63.700000000000635,0.7631327155171924
63.80000000000064,0.8238367570440802
63.90000000000064,0.8763092940188087
64.00000000000064,0.9200260381970413
64.10000000000063,0.9545501863217811
64.20000000000063,0.9795367845171353
64.30000000000062,0.9947361749534073
64.40000000000062,0.9999964903456082
64.50000000000061,0.9952651713611683
64.6000000000006,0.9805894917754141
64.7000000000006,0.9561160861276317
64.8000000000006,0.9220894845972212
64.90000000000059,0.8788496697389755
65.00000000000058,0.8268286794897758
65.10000000000058,0.7665462903883387
65.20000000000057,0.6986048241398573
65.30000000000057,0.6236831294166234
65.40000000000056,0.542529799026492
65.50000000000055,0.4559556902209967
65.60000000000055,0.3648258228777264
65.70000000000054,0.27005073650764577
65.80000000000054,0.17257739244528622
65.90000000000053,0.07337971212411498
66.00000000000053,-0.026551154024492412
66.10000000000052,-0.12621672981873175
66.20000000000051,-0.2246211897703263
66.30000000000051,-0.3207813090436296
66.4000000000005,-0.41373628751317226
66.5000000000005,-0.5025573497609173
66.60000000000049,-0.5863570250932251
66.70000000000049,-0.664298014854665
66.80000000000048,-0.7356015584394067
66.90000000000047,-0.7995552144097693
67.00000000000047,-0.8555199789755651
67.10000000000046,-0.9029366707087443
67.20000000000046,-0.9413315176993833
67.30000000000045,-0.9703208913280009
67.40000000000045,-0.9896151393559127
67.50000000000044,-0.9990214800346544
67.60000000000043,-0.9984459283174868
67.70000000000043,-0.9878942349269157
67.80000000000042,-0.9674718288953736
67.90000000000042,-0.9373827641531779
68.00000000000041,-0.8979276806891099
68.1000000000004,-0.849500800655026
68.2000000000004,-0.7925859894284285
68.3000000000004,-0.7277519209895582
68.40000000000039,-0.6556463959189626
68.50000000000038,-0.5769898687882292
68.60000000000038,-0.4925682496160574
68.70000000000037,-0.40322505131513814
68.80000000000037,-0.30985296158995934
68.90000000000036,-0.21338492349634555
69.00000000000036,-0.1147848137828343
69.10000000000035,-0.015037812152819907
69.20000000000034,0.08485944232538563
69.30000000000034,0.18390880930667822
69.40000000000033,0.2811206202575485
69.50000000000033,0.37552356689692795
69.60000000000032,0.4661744061874612
69.70000000000032,0.552167384908141
69.80000000000031,0.6326432896410897
69.9000000000003,0.7067980317480133
70.0000000000003,0.773890681558078
70.10000000000029,0.8332508714922635
70.20000000000029,0.8842854941546171
70.30000000000028,0.9264846284653002
70.40000000000028,0.9594266346234597
70.50000000000027,0.9827823669927428
70.60000000000026,0.9963184628156941
70.70000000000026,0.9998996738972894
70.80000000000025,0.9934902179601922
70.90000000000025,0.9771541361694416
71.00000000000024,0.9510546532542999
71.10000000000024,0.9154525466207135
71.20000000000023,0.870703540749673
71.30000000000022,0.8172547529157873
71.40000000000022,0.7556402257392721
71.50000000000021,0.6864755912086206
71.60000000000021,0.610451919489274
71.7000000000002,0.5283288139789675
71.8000000000002,0.44092682160167046
71.90000000000019,0.3491192341739591
72.00000000000018,0.2538233627618576
72.10000000000018,0.1559913722118884
72.20000000000017,0.056600767434670324
72.30000000000017,-0.04335537350102874
72.40000000000016,-0.14287832187608665
72.50000000000016,-0.2409736772882528
72.60000000000015,-0.3366613033722623
72.70000000000014,-0.42898512099840763
72.80000000000014,-0.5170226610991652
72.90000000000013,-0.5998942816751899
73.00000000000013,-0.6767719568874018
73.10000000000012,-0.7468875504174615
73.20000000000012,-0.8095404904319502
73.30000000000011,-0.864104769464552
73.4000000000001,-0.9100351992757256
73.5000000000001,-0.9468728581933795
73.6000000000001,-0.9742496765065195
73.70000000000009,-0.9918921140961338
73.80000000000008,-0.9996238935576413
73.90000000000008,-0.9973677615064493
74.00000000000007,-0.9851462604682352
74.10000000000007,-0.9630815036414816
74.20000000000006,-0.9313939547827625
74.30000000000005,-0.8904002254057634
74.40000000000005,-0.8405099113036936
74.50000000000004,-0.7822215000035158
74.60000000000004,-0.7161173900433543
74.70000000000003,-0.6428580718388172
74.80000000000003,-0.5631755282810933
74.90000000000002,-0.47786592100586434
75.00000000000001,-0.38778163540941735
75.10000000000001,-0.29382276389552614
75.2,-0.19692811244968383
75.3,-0.09806582040002382
75.39999999999999,0.001776312910822753
75.49999999999999,0.10160069789023536
75.59999999999998,0.2004099222810544
75.69999999999997,0.29721671697515395
75.79999999999997,0.3910538204800225
75.89999999999996,0.480983643475862
75.99999999999996,0.5661076368981451
76.09999999999995,0.645575269942848
76.19999999999995,0.7185925282890948
76.29999999999994,0.7844298476277866
76.39999999999993,0.8424294032270155
76.49999999999993,0.8920116826993384
76.59999999999992,0.9326812762979901
76.69999999999992,0.9640318268873135
76.79999999999991,0.9857500901289341
76.8999999999999,0.9976190643156452
76.9999999999999,0.9995201585807343
77.0999999999999,0.9914343778187229
77.19999999999989,0.9734425124781813
77.29999999999988,0.945724331330272
77.39999999999988,0.9085567852786125
77.49999999999987,0.8623112401573938
77.59999999999987,0.807449766166722
77.69999999999986,0.7445205210199198
77.79999999999986,0.6741522729328512
77.89999999999985,0.5970481181797517
77.99999999999984,0.5139784559876693
78.09999999999984,0.4257732909620477
78.19999999999983,0.33331393995507175
78.29999999999983,0.23752422623900496
78.39999999999982,0.1393612489694287
78.49999999999982,0.03980582016685425
78.59999999999981,-0.06014733523277261
78.6999999999998,-0.15949951834081932
78.7999999999998,-0.2572580349851358
78.89999999999979,-0.3524461143820813
78.99999999999979,-0.44411266870731736
79.09999999999978,-0.5313417960509607
79.19999999999978,-0.6132619318067095
79.29999999999977,-0.6890545570572891
79.39999999999976,-0.7579623769449068
79.49999999999976,-0.8192968873111423
79.59999999999975,-0.8724452540029098
79.69999999999975,-0.9168764361087397
79.79999999999974,-0.9521464919440266
79.89999999999974,-0.9779030147695946
79.99999999999973,-0.9938886539233454
80.09999999999972,-0.9999436861830043
80.19999999999972,-0.9960076116677604
80.29999999999971,-0.9821197583330767
80.39999999999971,-0.9584188890187596
80.4999999999997,-0.9251418149765318
80.5999999999997,-0.882621029730285
80.69999999999969,-0.8312813869106968
80.79999999999968,-0.7716358552581907
80.89999999999968,-0.7042803932088473
80.99999999999967,-0.6298879942747078
81.09999999999967,-0.5492019627150644
81.19999999999966,-0.463028486686005
81.29999999999966,-0.37222858307484785
81.39999999999965,-0.277709494504018
81.49999999999964,-0.18041562446265824
81.59999999999964,-0.0813191011391443
81.69999999999963,0.018589935762430915
81.79999999999963,0.1183132281708837
81.89999999999962,0.2168543739126067
81.99999999999962,0.3132287824327208
82.09999999999961,0.406473512498437
82.1999999999996,0.4956568935895487
82.2999999999996,0.5798878348422998
82.3999999999996,0.6583247285347403
82.49999999999959,0.7301838591528853
82.59999999999958,0.7947472340170689
82.69999999999958,0.8513697572274626
82.79999999999957,0.8994856752490656
82.89999999999957,0.9386142297340143
82.99999999999956,0.9683644611000755
83.09999999999955,0.9884391148695585
83.19999999999955,0.998637611737797
83.29999999999954,0.9988580516952584
83.39999999999954,0.9890982321787556
83.49999999999953,0.9694556700787299
83.59999999999953,0.9401266273827171
83.69999999999952,0.9014041501904432
83.79999999999951,0.853675140694064
83.89999999999951,0.7974164913793547
83.9999999999995,0.7331903200736304
84.0999999999995,0.6616383534502285
84.19999999999949,0.5834755151077143
84.29999999999949,0.499482782289607
84.39999999999948,0.41049938261791885
84.49999999999947,0.31741440880816796
84.59999999999947,0.22115793514885987
84.69999999999946,0.12269172450663844
84.79999999999946,0.022999618709638837
84.89999999999945,-0.07692229167484431
84.99999999999945,-0.17607561994804152
85.09999999999944,-0.2734696588295798
85.19999999999943,-0.36813127927714384
85.29999999999943,-0.4591146536701932
85.39999999999942,-0.5455107062068977
85.49999999999942,-0.6264561960890486
85.59999999999941,-0.701142342738765
85.6999999999994,-0.7688229068666809
85.7999999999994,-0.8288216466482501
85.8999999999994,-0.880539074508522
85.99999999999939,-0.9234584470038253
86.09999999999938,-0.9571509279514455
86.19999999999938,-0.9812798732190074
86.29999999999937,-0.9956041943613665
86.39999999999937,-0.9999807674966593
86.49999999999936,-0.9943658633528207
86.59999999999935,-0.9788155841960154
86.69999999999935,-0.9534853032753393
86.79999999999934,-0.9186281123846742
86.89999999999934,-0.8745922930531441
86.99999999999933,-0.8218178366312031
87.09999999999933,-0.7608320480425032
87.19999999999932,-0.6922442771274011
87.29999999999932,-0.6167398302207777
87.39999999999931,-0.5350731227976723
87.4999999999993,-0.4480601416032317
87.5999999999993,-0.35657029158288345
87.69999999999929,-0.2615177090755071
87.79999999999929,-0.16385212806530994
87.89999999999928,-0.06454939075379683
87.99999999999928,0.035398302732936385
88.09999999999927,0.13499230807988533
88.19999999999926,0.23323751490702455
88.29999999999926,0.3291522895832851
88.39999999999925,0.4217782833853109
88.49999999999925,0.5101900080011152
88.59999999999924,0.5935040827033676
88.69999999999924,0.6708880607976146
88.79999999999923,0.7415687471544812
88.89999999999922,0.8048399237198179
88.99999999999922,0.8600694058120545
89.09999999999921,0.9067053587025647
89.1999999999992,0.9442818113658633
89.2999999999992,0.9724233123080624
89.3999999999992,0.990848680954091
89.49999999999919,0.999373817111055
89.59999999999918,0.9979135404365095
89.69999999999918,0.9864824415322831
89.79999999999917,0.9651947361600082
89.89999999999917,0.9342631240349845
89.99999999999916,0.8939966636009335
90.09999999999916,0.8447976840201904
90.19999999999915,0.7871577652337052
90.29999999999914,0.7216528262567685
90.39999999999914,0.6489373707865839
90.49999999999913,0.5697379476176754
90.59999999999913,0.4848458912064981
90.69999999999912,0.3951094149191295
90.79999999999912,0.30142513596369747
90.89999999999911,0.20472911668761928
90.9999999999991,0.1059875117520471
91.0999999999991,0.006186914633861963
91.1999999999991,-0.09367550009022263
91.29999999999909,-0.19260194018240928
91.39999999999908,-0.2896039653540304
91.49999999999908,-0.3837123634341776
91.59999999999907,-0.47398683441733475
91.69999999999906,-0.5595253856302109
91.79999999999906,-0.6394733441443728
91.89999999999905,-0.7130318963856286
91.99999999999905,-0.7794660696152083
92.09999999999904,-0.8381120755344199
92.19999999999904,-0.888383942637911
92.29999999999903,-0.9297793710472535
92.39999999999903,-0.9618847513252905
92.49999999999902,-0.9843792971249118
92.59999999999901,-0.9970382503801957
92.69999999999901,-0.9997351270147091
92.799999999999,-0.9924429807285888
92.899999999999,-0.9752346722370627
92.99999999999899,-0.9482821412702676
93.09999999999899,-0.9118546886083012
93.19999999999898,-0.8663162853168473
93.29999999999897,-0.8121219360685991
93.39999999999897,-0.7498131328869749
93.49999999999896,-0.6800124447368134
93.59999999999896,-0.6034172970210714
93.69999999999895,-0.5207930031367345
93.79999999999895,-0.4329651177163347
93.89999999999894,-0.3408111879589536
93.99999999999893,-0.2452519854686876
94.09999999999893,-0.1472423062091467
94.19999999999892,-0.047761430497799545
94.29999999999892,0.05219666163925169
94.39999999999891,0.15163322198712595
94.4999999999989,0.2495547133041842
94.5999999999989,0.3449827364177279
94.6999999999989,0.43696380606511737
94.79999999999889,0.524578877803335
94.89999999999888,0.6069525307972649
94.99999999999888,0.6832617147353013
95.09999999999887,0.7527439734759979
95.19999999999887,0.8147050632577988
95.29999999999886,0.8685258893532176
95.39999999999885,0.9136686918587087
95.49999999999885,0.9496824188138638
95.59999999999884,0.9762072329635024
95.69999999999884,0.9929781071325793
95.79999999999883,0.9998274722901109
95.89999999999883,0.9966868918435423
95.99999999999882,0.9835877454345576
96.09999999999881,0.9606609154040736
96.19999999999881,0.9281354790591522
96.2999999999988,0.8863364198082719
96.3999999999988,0.8356813800345357
96.49999999999879,0.7766764881510327
96.59999999999879,0.7099113015330387
96.69999999999878,0.6360529158556042
96.79999999999878,0.5558392996940816
96.89999999999877,0.47007192098606054
96.99999999999876,0.3796077390286655
97.09999999999876,0.28535064202453175
97.19999999999875,0.1882424157296708
97.29999999999875,0.08925333344150882
97.39999999999874,-0.010627538651171125
97.49999999999874,-0.11040222389064579
97.59999999999873,-0.20907380660312846
97.69999999999872,-0.3056563929506449
97.79999999999872,-0.3991849616563692
97.89999999999871,-0.4887250061782283
97.9999999999987,-0.5733818719893634
98.0999999999987,-0.6523096956704291
98.1999999999987,-0.7247198564972739
98.29999999999869,-0.7898888560785331
98.39999999999868,-0.8471655473123978
98.49999999999868,-0.8959776404332164
98.59999999999867,-0.9358374211416584
98.69999999999867,-0.9663466236847768
98.79999999999866,-0.9872004101957622
98.89999999999866,-0.9981904165331424
98.99999999999865,-0.9992068341864074
99.09999999999864,-0.9902395074463488
99.19999999999864,-0.9713780348775489
99.29999999999863,-0.9428108740791415
99.39999999999863,-0.9048234586787762
99.49999999999862,-0.8577953463741634
99.59999999999862,-0.8021964265180238
99.69999999999861,-0.7385822251390002
99.7999999999986,-0.6675883543092127
99.8999999999986,-0.5899241613185386
99.9999999999986,-0.5063656411109719